[gd_scene load_steps=20 format=3 uid="uid://cavmi5jt8bvd0"]

[ext_resource type="PackedScene" uid="uid://cqt0ear62f5w5" path="res://Models/biguy.gltf" id="1_po3vc"]
[ext_resource type="Script" path="res://Scripts/BiGay.gd" id="2_be8mv"]
[ext_resource type="AudioStream" uid="uid://b0m7y0soydasm" path="res://Sound-Effect and music/Gothic Roguelike Game Music Pack (No Copyright) (mp3cut.net).mp3" id="3_xr1k3"]

[sub_resource type="SphereShape3D" id="SphereShape3D_el6w0"]

[sub_resource type="CapsuleShape3D" id="CapsuleShape3D_kb1e4"]
radius = 0.322123
height = 2.41185

[sub_resource type="Curve" id="Curve_mda4a"]
min_value = 90.0
max_value = 180.0
_data = [Vector2(0, 360), 0.0, 0.0, 0, 0, Vector2(1, -360), 0.0, 0.0, 0, 0]
point_count = 2

[sub_resource type="CurveTexture" id="CurveTexture_m8vfx"]
curve = SubResource("Curve_mda4a")

[sub_resource type="CurveXYZTexture" id="CurveXYZTexture_xc5cp"]

[sub_resource type="Curve" id="Curve_bs4xc"]
_data = [Vector2(0, 1), 0.0, 0.0, 0, 0, Vector2(1, 0), 0.0, 1.4, 0, 0]
point_count = 2

[sub_resource type="CurveTexture" id="CurveTexture_nlfw1"]
curve = SubResource("Curve_bs4xc")

[sub_resource type="ParticleProcessMaterial" id="ParticleProcessMaterial_ift0s"]
lifetime_randomness = 0.1
particle_flag_align_y = true
particle_flag_rotate_y = true
emission_shape = 6
emission_ring_axis = Vector3(1, 1, 1)
emission_ring_height = 0.0
emission_ring_radius = 1.0
emission_ring_inner_radius = 1.0
angle_max = 180.0
angle_curve = SubResource("CurveTexture_m8vfx")
velocity_pivot = Vector3(0, -10, 0)
direction = Vector3(1, 0, 1)
spread = 0.0
angular_velocity_max = 10.0
directional_velocity_min = -1.0
directional_velocity_max = 1.0
directional_velocity_curve = SubResource("CurveXYZTexture_xc5cp")
orbit_velocity_max = 3.0
radial_velocity_max = 10.0
gravity = Vector3(0, -15, 0)
linear_accel_max = 2.0
radial_accel_max = 5.0
scale_min = 0.25
scale_max = 0.5
scale_curve = SubResource("CurveTexture_nlfw1")
color = Color(0.313726, 0.2, 0, 1)
hue_variation_max = 0.25
collision_mode = 1
collision_friction = 0.0
collision_bounce = 1.0

[sub_resource type="BoxMesh" id="BoxMesh_3p5d5"]

[sub_resource type="CylinderShape3D" id="CylinderShape3D_jen6g"]

[sub_resource type="Curve" id="Curve_e2qny"]
min_value = 0.25
_data = [Vector2(0, 0.25), 0.0, 1.05, 0, 0, Vector2(1, 1), 0.0, 0.0, 0, 0]
point_count = 2

[sub_resource type="CurveTexture" id="CurveTexture_akhlu"]
curve = SubResource("Curve_e2qny")

[sub_resource type="ParticleProcessMaterial" id="ParticleProcessMaterial_yhmmq"]
gravity = Vector3(0, 0, 0)
scale_min = 2.5
scale_max = 2.5
scale_curve = SubResource("CurveTexture_akhlu")

[sub_resource type="TorusMesh" id="TorusMesh_8g8e7"]
inner_radius = 1.0
outer_radius = 0.9

[sub_resource type="CapsuleShape3D" id="CapsuleShape3D_6mk7g"]
radius = 0.570444
height = 3.1805

[sub_resource type="CapsuleShape3D" id="CapsuleShape3D_mrxih"]
radius = 0.800605
height = 3.67646

[node name="BiGay" instance=ExtResource("1_po3vc")]
script = ExtResource("2_be8mv")

[node name="Root" parent="Node" index="0"]
transform = Transform3D(-0.293578, 0.0650847, -0.953717, 0.21644, 0.976296, -7.45058e-09, 0.93111, -0.206422, -0.300706, 0, 1.5, 0)

[node name="Body" parent="Node/Root" index="1"]
transform = Transform3D(0.869324, -0.319883, -0.376761, 0.36942, 0.92696, 0.065366, 0.328333, -0.196008, 0.924001, 0, 0.1875, 0)

[node name="Head" parent="Node/Root/Body" index="3"]
transform = Transform3D(0.796546, 0.067986, 0.600742, -0.0665953, 0.997477, -0.0245832, -0.600898, -0.020425, 0.799063, -0.1875, 0.875, 0)

[node name="ArmL" parent="Node/Root/Body" index="4"]
transform = Transform3D(0.83973, -0.490593, -0.23275, 0.0896134, 0.547962, -0.831689, 0.53556, 0.677536, 0.504104, 0, 0.6875, 0.4375)

[node name="ElbowL" parent="Node/Root/Body/ArmL" index="1"]
transform = Transform3D(0.503843, 0.597978, -0.623349, -0.582121, 0.768213, 0.266426, 0.638182, 0.228628, 0.735155, 0, 0, 0.8125)

[node name="HandL" parent="Node/Root/Body/ArmL/ElbowL" index="1"]
transform = Transform3D(0.354621, -0.929079, -0.105144, 0.93294, 0.359069, -0.0262807, 0.0621707, -0.0887731, 0.99411, 0, 0, 0.875)

[node name="Area3D2" type="Area3D" parent="Node/Root/Body/ArmL/ElbowL/HandL" index="1"]
transform = Transform3D(0.749286, -0.0327145, 0, 0.0327145, 0.749286, 0, 0, 0, 0.75, 0, 0, 0.1)

[node name="CollisionShape3D" type="CollisionShape3D" parent="Node/Root/Body/ArmL/ElbowL/HandL/Area3D2" index="0"]
transform = Transform3D(1, 0, 2.98023e-08, 0, 1, -9.31323e-10, 2.98023e-08, -9.31323e-10, 1, 0, 0, 0)
shape = SubResource("SphereShape3D_el6w0")
disabled = true

[node name="ArmR" parent="Node/Root/Body" index="5"]
transform = Transform3D(-0.214611, 0.928382, -0.303397, -0.877561, -0.0469232, 0.477165, 0.428756, 0.368654, 0.82478, 0, 0.6875, -0.4375)

[node name="ElbowR" parent="Node/Root/Body/ArmR" index="1"]
transform = Transform3D(0.639576, -0.762275, -0.0993926, 0.702248, 0.526764, 0.478923, -0.312715, -0.376106, 0.872212, 0, 0, -0.8125)

[node name="HandR" parent="Node/Root/Body/ArmR/ElbowR" index="1"]
transform = Transform3D(-0.392585, 0.831037, -0.394023, 0.546386, -0.133882, -0.826764, -0.739824, -0.539864, -0.401507, 0, 0, -0.875)

[node name="Sword" parent="Node/Root/Body/ArmR/ElbowR/HandR" index="1"]
transform = Transform3D(0.999079, -0.042899, -8.03164e-06, 0.042896, 0.999008, 0.0120161, -0.000507454, -0.0120054, 0.999929, -0.25, -0.046875, 0.125)

[node name="Area3D" type="Area3D" parent="Node/Root/Body/ArmR/ElbowR/HandR/Sword" index="5"]

[node name="CollisionShape3D" type="CollisionShape3D" parent="Node/Root/Body/ArmR/ElbowR/HandR/Sword/Area3D" index="0"]
transform = Transform3D(-5.96046e-08, -1, 0, 1, -1.19209e-07, -1.49012e-07, 2.90573e-07, -5.96046e-08, 1, 1.70135, 4.76837e-07, -3.8743e-07)
shape = SubResource("CapsuleShape3D_kb1e4")
disabled = true

[node name="GPUParticles3D" type="GPUParticles3D" parent="Node/Root/Body/ArmR/ElbowR/HandR/Sword/Area3D" index="1"]
transform = Transform3D(0.2, 0, 0, 0, 0.05, 0, 0, 0, 0.2, 2, 9.53674e-07, -1.19209e-07)
emitting = false
amount = 25
one_shot = true
explosiveness = 1.0
visibility_aabb = AABB(-1, -1, -1, 2, 2, 2)
trail_lifetime = 0.01
process_material = SubResource("ParticleProcessMaterial_ift0s")
draw_pass_1 = SubResource("BoxMesh_3p5d5")

[node name="GPUParticles3D2" type="GPUParticles3D" parent="Node/Root/Body/ArmR/ElbowR/HandR/Sword/Area3D" index="2"]
transform = Transform3D(-8.74228e-09, -0.05, 8.74228e-09, 0, -2.18557e-09, -0.2, 0.2, -2.18557e-09, 3.82137e-16, 2, 0, 0)
emitting = false
amount = 25
visibility_aabb = AABB(-1, -1, -1, 2, 2, 2)
process_material = SubResource("ParticleProcessMaterial_ift0s")
draw_pass_1 = SubResource("BoxMesh_3p5d5")

[node name="LegL" parent="Node/Root" index="2"]
transform = Transform3D(0.573576, 0.819152, 0, -0.819152, 0.573576, 0, 0, 0, 1, 0, 0, 0.3125)

[node name="KneeL" parent="Node/Root/LegL" index="1"]
transform = Transform3D(0.766044, -0.642788, 0, 0.642788, 0.766044, 0, 0, 0, 1, 0, -0.6875, 0)

[node name="FootL" parent="Node/Root/LegL/KneeL" index="1"]
transform = Transform3D(0.999048, -0.0436192, 0, 0.0436192, 0.999048, 0, 0, 0, 1, 0, -0.84375, 0)

[node name="Area3D2" type="Area3D" parent="Node/Root/LegL/KneeL/FootL" index="1"]
transform = Transform3D(9.99048, -0.436192, 1.19356e-06, 0.436192, 9.99048, -7.54978e-09, -1.19209e-06, 5.96047e-08, 10, 0, -0.16, 0)

[node name="CollisionShape3D" type="CollisionShape3D" parent="Node/Root/LegL/KneeL/FootL/Area3D2" index="0"]
transform = Transform3D(0.25, -3.72529e-10, 7.45058e-09, 3.72529e-09, 0.025, -2.91038e-10, -7.45058e-09, 2.91038e-11, 0.25, 0, 0, 0)
shape = SubResource("CylinderShape3D_jen6g")
disabled = true

[node name="GPUParticles3D" type="GPUParticles3D" parent="Node/Root/LegL/KneeL/FootL/Area3D2" index="1"]
transform = Transform3D(0.2, -1.86264e-08, 1.86265e-08, 7.45058e-08, 0.05, -1.16415e-09, -1.86265e-08, 2.91038e-10, 0.2, -1.04308e-07, 3.12459e-07, -3.72529e-09)
emitting = false
amount = 25
one_shot = true
explosiveness = 1.0
visibility_aabb = AABB(-1, -1, -1, 2, 2, 2)
process_material = SubResource("ParticleProcessMaterial_ift0s")
draw_pass_1 = SubResource("BoxMesh_3p5d5")

[node name="GPUParticles3D2" type="GPUParticles3D" parent="Node/Root/LegL/KneeL/FootL/Area3D2" index="2"]
transform = Transform3D(2, 0, 0, -1.49012e-08, 2, 3.91155e-08, 0, -2.6077e-08, 2, 0, 0.05, 0)
transparency = 1.0
cast_shadow = 0
emitting = false
amount = 1
one_shot = true
visibility_aabb = AABB(-0.001, -4, -0.001, 0.002, 8, 0.002)
process_material = SubResource("ParticleProcessMaterial_yhmmq")
draw_pass_1 = SubResource("TorusMesh_8g8e7")

[node name="LegR" parent="Node/Root" index="3"]
transform = Transform3D(0.907673, -0.229041, -0.351667, 0.24321, 0.969965, -0.00399849, 0.34202, -0.0818996, 0.936117, 0, 0, -0.3125)

[node name="KneeR" parent="Node/Root/LegR" index="1"]
transform = Transform3D(0.999048, -0.0436192, 0, 0.0436192, 0.999048, 0, 0, 0, 1, 0, -0.6875, 0)

[node name="FootR" parent="Node/Root/LegR/KneeR" index="1"]
transform = Transform3D(0.764372, 0.443457, -0.468061, -0.356433, 0.89554, 0.266389, 0.5373, -0.0367881, 0.842589, 0, -0.84375, 0)

[node name="RigidBody3D" type="RigidBody3D" parent="Node/Root" index="4"]
transform = Transform3D(-0.293578, 0.21644, 0.93111, 0.0650847, 0.976296, -0.206422, -0.953717, -1.11759e-08, -0.300706, -0.324659, -1.46444, 1.67638e-08)
gravity_scale = 0.0

[node name="CollisionShape3D" type="CollisionShape3D" parent="Node/Root/RigidBody3D" index="0"]
transform = Transform3D(1, 0, 0, 0, 1, 0, 0, 0, 1, 0.0783386, 1.54418, -0.14702)
shape = SubResource("CapsuleShape3D_6mk7g")

[node name="BiGay" type="Area3D" parent="Node/Root" index="5"]
transform = Transform3D(-0.293578, 0.21644, 0.93111, 0.0650848, 0.976296, -0.206422, -0.953716, 2.75857e-07, -0.300705, -0.324659, -1.46444, -1.28313e-07)

[node name="BiguyHitbox" type="CollisionShape3D" parent="Node/Root/BiGay" index="0"]
transform = Transform3D(1, 0, 0, 0, 1, 0, 0, 0, 1, 0, 1.25, -0.25)
shape = SubResource("CapsuleShape3D_mrxih")

[node name="AnimationPlayer" parent="." index="1"]
autoplay = "idle"

[node name="AudioStreamPlayer3D" type="AudioStreamPlayer3D" parent="." index="2"]
stream = ExtResource("3_xr1k3")
unit_size = 40.0
max_distance = 40.0
emission_angle_filter_attenuation_db = 0.0

[connection signal="area_entered" from="Node/Root/Body/ArmL/ElbowL/HandL/Area3D2" to="." method="_on_area_3d_area_entered"]
[connection signal="area_entered" from="Node/Root/Body/ArmL/ElbowL/HandL/Area3D2" to="." method="_on_area_3d_2_area_entered"]
[connection signal="area_entered" from="Node/Root/Body/ArmR/ElbowR/HandR/Sword/Area3D" to="." method="_on_area_3d_area_entered"]
[connection signal="area_entered" from="Node/Root/LegL/KneeL/FootL/Area3D2" to="." method="_on_area_3d_area_entered"]
