[gd_scene load_steps=8 format=3 uid="uid://cavmi5jt8bvd0"]

[ext_resource type="PackedScene" uid="uid://cqt0ear62f5w5" path="res://Models/biguy.gltf" id="1_po3vc"]
[ext_resource type="Script" path="res://Scripts/BiGay.gd" id="2_be8mv"]
[ext_resource type="AudioStream" uid="uid://b0m7y0soydasm" path="res://Sound-Effect and music/Gothic Roguelike Game Music Pack (No Copyright) (mp3cut.net).mp3" id="3_xr1k3"]

[sub_resource type="CapsuleShape3D" id="CapsuleShape3D_kb1e4"]
radius = 0.322123
height = 2.44276

[sub_resource type="CapsuleShape3D" id="CapsuleShape3D_mrxih"]
radius = 0.800605
height = 3.67646

[sub_resource type="CapsuleShape3D" id="CapsuleShape3D_6mk7g"]
radius = 0.570444
height = 3.1805

[sub_resource type="SphereShape3D" id="SphereShape3D_e0pjo"]

[node name="BiGay" instance=ExtResource("1_po3vc")]
script = ExtResource("2_be8mv")

[node name="Root" parent="Node" index="0"]
transform = Transform3D(-0.293578, 0.0650846, -0.953717, 0.21644, 0.976296, -2.23517e-08, 0.93111, -0.206422, -0.300706, 0, 1.5, 0)

[node name="Body" parent="Node/Root" index="1"]
transform = Transform3D(0.939693, 0, -0.34202, 0, 1, 0, 0.34202, 0, 0.939693, 0, 0.1875, 0)

[node name="Head" parent="Node/Root/Body" index="3"]
transform = Transform3D(0.793353, 0, 0.608761, 0, 1, 0, -0.608761, 0, 0.793353, -0.1875, 0.875, 0)

[node name="ArmL" parent="Node/Root/Body" index="4"]
transform = Transform3D(0.185482, -0.822324, -0.53794, -0.00042057, 0.547373, -0.836889, 0.982648, 0.155454, 0.101182, 0, 0.6875, 0.4375)

[node name="ElbowL" parent="Node/Root/Body/ArmL" index="1"]
transform = Transform3D(0.649161, 0.226006, -0.726299, -0.127943, 0.973678, 0.18863, 0.749813, -0.0295265, 0.66099, 0, 0, 0.8125)

[node name="HandL" parent="Node/Root/Body/ArmL/ElbowL" index="1"]
transform = Transform3D(0.336144, -0.935927, -0.10511, 0.940512, 0.339441, -0.0146953, 0.0494324, -0.0939176, 0.994352, 0, 0, 0.875)

[node name="ArmR" parent="Node/Root/Body" index="5"]
transform = Transform3D(0.308053, 0.949231, 0.0637447, -0.295851, 0.0319002, 0.954701, 0.904199, -0.312958, 0.290658, 0, 0.6875, -0.4375)

[node name="ElbowR" parent="Node/Root/Body/ArmR" index="1"]
transform = Transform3D(0.777556, -0.627022, 0.0474248, 0.444297, 0.601199, 0.664198, -0.444979, -0.495381, 0.746051, 0, 0, -0.8125)

[node name="HandR" parent="Node/Root/Body/ArmR/ElbowR" index="1"]
transform = Transform3D(0.134702, 0.98884, 0.0636459, 0.9907, -0.133153, -0.0279953, -0.0192082, 0.066825, -0.99758, 0, 0, -0.875)

[node name="Sword" parent="Node/Root/Body/ArmR/ElbowR/HandR" index="1"]
transform = Transform3D(0.99908, -0.0428745, 4.24519e-06, 0.0428716, 0.999016, 0.0113868, -0.000492442, -0.0113761, 0.999935, -0.25, -0.046875, 0.125)

[node name="Area3D" type="Area3D" parent="Node/Root/Body/ArmR/ElbowR/HandR/Sword" index="5"]

[node name="CollisionShape3D" type="CollisionShape3D" parent="Node/Root/Body/ArmR/ElbowR/HandR/Sword/Area3D" index="0"]
transform = Transform3D(-8.9407e-08, -1, 1.19209e-07, 1, -1.19209e-07, -2.98023e-08, 2.01166e-07, 2.98023e-08, 1, 1.70135, 3.57628e-07, -2.98023e-07)
shape = SubResource("CapsuleShape3D_kb1e4")
disabled = true

[node name="LegL" parent="Node/Root" index="2"]
transform = Transform3D(0.573576, 0.819152, 0, -0.819152, 0.573576, 0, 0, 0, 1, 0, 0, 0.3125)

[node name="KneeL" parent="Node/Root/LegL" index="1"]
transform = Transform3D(0.766044, -0.642788, 0, 0.642788, 0.766044, 0, 0, 0, 1, 0, -0.6875, 0)

[node name="FootL" parent="Node/Root/LegL/KneeL" index="1"]
transform = Transform3D(0.999048, -0.0436194, 0, 0.0436194, 0.999048, 0, 0, 0, 1, 0, -0.84375, 0)

[node name="LegR" parent="Node/Root" index="3"]
transform = Transform3D(0.907673, -0.229041, -0.351666, 0.24321, 0.969965, -0.00399849, 0.34202, -0.0818996, 0.936117, 0, 0, -0.3125)

[node name="KneeR" parent="Node/Root/LegR" index="1"]
transform = Transform3D(0.999048, -0.0436194, 0, 0.0436194, 0.999048, 0, 0, 0, 1, 0, -0.6875, 0)

[node name="FootR" parent="Node/Root/LegR/KneeR" index="1"]
transform = Transform3D(0.764372, 0.443457, -0.468061, -0.356433, 0.89554, 0.266389, 0.5373, -0.0367882, 0.842589, 0, -0.84375, 0)

[node name="AnimationPlayer" parent="." index="1"]
autoplay = "idle"

[node name="Area3D" type="Area3D" parent="." index="2"]

[node name="BiguyHitbox" type="CollisionShape3D" parent="Area3D" index="0"]
transform = Transform3D(1, 0, 0, 0, 1, 0, 0, 0, 1, 0, 1.213, -0.313076)
shape = SubResource("CapsuleShape3D_mrxih")

[node name="RigidBody3D" type="RigidBody3D" parent="." index="3"]

[node name="CollisionShape3D" type="CollisionShape3D" parent="RigidBody3D" index="0"]
transform = Transform3D(1, 0, 0, 0, 1, 0, 0, 0, 1, 0.0783386, 1.54418, -0.14702)
shape = SubResource("CapsuleShape3D_6mk7g")

[node name="AudioStreamPlayer3D" type="AudioStreamPlayer3D" parent="." index="4"]
stream = ExtResource("3_xr1k3")
max_distance = 40.0

[node name="Agro" type="Area3D" parent="." index="5"]

[node name="CollisionShape3D" type="CollisionShape3D" parent="Agro" index="0"]
transform = Transform3D(40, 0, 0, 0, 40, 0, 0, 0, 40, 0, 0, 0)
shape = SubResource("SphereShape3D_e0pjo")

[connection signal="area_entered" from="Agro" to="." method="_on_agro_area_entered"]
