[gd_scene load_steps=4 format=3 uid="uid://chm5ix4falpah"]

[ext_resource type="PackedScene" uid="uid://cyujvlcvs4poc" path="res://Models/mainDude.gltf" id="1_uaevy"]
[ext_resource type="Script" path="res://Scripts/blockbench_dude.gd" id="2_i7c4a"]

[sub_resource type="BoxShape3D" id="BoxShape3D_58acl"]
size = Vector3(0.0451355, 0.744507, 0.0440674)

[node name="blockbench_export" instance=ExtResource("1_uaevy")]
transform = Transform3D(1.5, 0, 0, 0, 1.5, 0, 0, 0, 1.5, 0, 0, 0)
script = ExtResource("2_i7c4a")

[node name="Pelvis" parent="Node" index="0"]
transform = Transform3D(1, 0, 0, 0, 1, -2.44929e-16, 0, 2.44929e-16, 1, 0, 0.5625, 0)

[node name="Body" parent="Node/Pelvis" index="1"]
transform = Transform3D(1, 0, 0, 0, 0.999048, 0.0436194, 0, -0.0436194, 0.999048, 0, 0.125, 0)

[node name="Head" parent="Node/Pelvis/Body" index="1"]
transform = Transform3D(1, 0, 0, 0, 0.999048, -0.0436194, 0, 0.0436194, 0.999048, 0, 0.4375, -0.03125)

[node name="Rarm" parent="Node/Pelvis/Body" index="2"]
transform = Transform3D(0.23457, 0.965926, 0.109382, -0.875426, 0.258819, -0.408218, -0.422618, 2.23517e-08, 0.906308, 0.1875, 0.375, 0)

[node name="Relbow" parent="Node/Pelvis/Body/Rarm" index="1"]
transform = Transform3D(0.824733, -0.347037, 0.446521, 0.524027, 0.765838, -0.372675, -0.212631, 0.541346, 0.813469, 0.25, 0, 0)

[node name="Sword" parent="Node/Pelvis/Body/Rarm/Relbow" index="2"]
transform = Transform3D(1, 0, 0, 0, -4.37114e-08, -1, 0, 1, -4.37114e-08, 0, -0.3125, 0)

[node name="Area3D" type="Area3D" parent="Node/Pelvis/Body/Rarm/Relbow/Sword" index="3"]
transform = Transform3D(1, -2.98023e-08, -2.98023e-08, 2.98023e-08, 1, 0, 0, 5.96046e-08, 1, 0, 0, 0)

[node name="CollisionShape3D" type="CollisionShape3D" parent="Node/Pelvis/Body/Rarm/Relbow/Sword/Area3D" index="0"]
transform = Transform3D(1, -2.20537e-06, -5.96046e-08, 5.96046e-08, 1, 5.96046e-08, 2.08616e-07, 4.47035e-07, 1, 0.0015385, -0.408438, -0.00365779)
shape = SubResource("BoxShape3D_58acl")
disabled = true

[node name="Larm" parent="Node/Pelvis/Body" index="3"]
transform = Transform3D(0.158099, -0.983447, -0.0885213, 0.926777, 0.178725, -0.330366, 0.340719, -0.029809, 0.939692, -0.1875, 0.375, 0)

[node name="Lelbow" parent="Node/Pelvis/Body/Larm" index="1"]
transform = Transform3D(0.492404, 0.539921, -0.682659, -0.642788, 0.754406, 0.133022, 0.586824, 0.373304, 0.718527, -0.25, 0, 0)

[node name="Leg" parent="Node/Pelvis" index="2"]
transform = Transform3D(1, 0, 0, 0, 0.953717, -0.300706, 0, 0.300706, 0.953717, -0.0625, 0.0625, 0)

[node name="Lee" parent="Node/Pelvis/Leg" index="1"]
transform = Transform3D(1, 0, 0, 0, 0.976296, 0.21644, 0, -0.21644, 0.976296, 0, -0.21875, 0)

[node name="Loot" parent="Node/Pelvis/Leg/Lee" index="1"]
transform = Transform3D(1, 0, 0, 0, 0.996195, 0.0871558, 0, -0.0871558, 0.996195, 0, -0.375, 0)

[node name="Reg" parent="Node/Pelvis" index="3"]
transform = Transform3D(1, 0, 0, 0, 0.976296, 0.21644, 0, -0.21644, 0.976296, 0.0625, 0.0625, 0)

[node name="Ree" parent="Node/Pelvis/Reg" index="1"]
transform = Transform3D(1, 0, 0, 0, 0.994612, 0.103664, 0, -0.103664, 0.994612, 0, -0.21875, 0)

[node name="Root" parent="Node/Pelvis/Reg/Ree" index="1"]
transform = Transform3D(1, 0, 0, 0, 0.976296, -0.21644, 0, 0.21644, 0.976296, 0, -0.375, 0)

[node name="AnimationPlayer" parent="." index="1"]
autoplay = "idle"

[connection signal="area_entered" from="Node/Pelvis/Body/Rarm/Relbow/Sword/Area3D" to="." method="_on_area_3d_area_entered"]
[connection signal="animation_finished" from="AnimationPlayer" to="." method="_on_animation_player_animation_finished"]
