[gd_scene load_steps=7 format=3 uid="uid://dgv4buxnd8ejl"]

[ext_resource type="PackedScene" uid="uid://c3cpm3w7xv2o4" path="res://Models/templeGoon.gltf" id="1_bodcd"]
[ext_resource type="Script" path="res://Scripts/templeGoon.gd" id="2_8y2fm"]

[sub_resource type="SphereShape3D" id="SphereShape3D_6v8eq"]

[sub_resource type="CapsuleShape3D" id="CapsuleShape3D_xa0ot"]

[sub_resource type="PhysicsMaterial" id="PhysicsMaterial_ndqt8"]

[sub_resource type="CapsuleShape3D" id="CapsuleShape3D_63yck"]

[node name="templeGoon" instance=ExtResource("1_bodcd")]
script = ExtResource("2_8y2fm")

[node name="Root" parent="Node" index="0"]
transform = Transform3D(1, 0, 0, 0, 0.258819, -0.965926, 0, 0.965926, 0.258819, 0, 0.5, 2)

[node name="ArmL" parent="Node/Root" index="1"]
transform = Transform3D(0.521334, -0.707107, 0.477714, 0.521334, 0.707107, 0.477714, -0.67559, 2.98023e-08, 0.737277, -0.40625, 0.1875, 0)

[node name="ElbowL" parent="Node/Root/ArmL" index="2"]
transform = Transform3D(0.707107, 0, -0.707107, 0, 1, 0, 0.707107, 0, 0.707107, -0.4375, 0, 0)

[node name="leftHand" type="Area3D" parent="Node/Root/ArmL/ElbowL/sphere4" index="0"]
transform = Transform3D(1, 4.47035e-08, 1.49012e-08, 7.45058e-09, 1, 2.98023e-08, 1.49012e-08, -2.98023e-08, 1, 0, 0, 0)

[node name="CollisionShape3D" type="CollisionShape3D" parent="Node/Root/ArmL/ElbowL/sphere4/leftHand" index="0"]
transform = Transform3D(0.5, 0, 0, 0, 0.5, 0, 0, 0, 0.5, 0, 0, 0)
shape = SubResource("SphereShape3D_6v8eq")
disabled = true

[node name="ArmR" parent="Node/Root" index="2"]
transform = Transform3D(0.627211, 0.707107, -0.326506, -0.627211, 0.707107, 0.326506, 0.461749, 0, 0.887011, 0.40625, 0.1875, 0)

[node name="ElbowR" parent="Node/Root/ArmR" index="2"]
transform = Transform3D(0.92388, 0, 0.382683, 0, 1, 0, -0.382683, 0, 0.92388, 0.4375, 0, 0)

[node name="RightHand" type="Area3D" parent="Node/Root/ArmR/ElbowR/sphere7" index="0"]

[node name="CollisionShape3D" type="CollisionShape3D" parent="Node/Root/ArmR/ElbowR/sphere7/RightHand" index="0"]
transform = Transform3D(0.5, 0, 0, 0, 0.5, 0, 0, 0, 0.5, 0, 0, 0)
shape = SubResource("SphereShape3D_6v8eq")
disabled = true

[node name="LegL" parent="Node/Root" index="3"]
transform = Transform3D(0.996195, 0.0868241, -0.00759612, -0.0805214, 0.950215, 0.301012, 0.0333531, -0.299255, 0.95359, -0.15625, -0.40625, 0)

[node name="KneeL" parent="Node/Root/LegL" index="2"]
transform = Transform3D(1, 0, 0, 0, 0.843391, -0.537299, 0, 0.537299, 0.843391, 0, -0.625, 0)

[node name="LegR" parent="Node/Root" index="4"]
transform = Transform3D(0.998182, -0.0313983, 0.0514423, 0.0120395, 0.940248, 0.340277, -0.0590526, -0.339039, 0.938917, 0.15625, -0.40625, 0)

[node name="KneeR" parent="Node/Root/LegR" index="2"]
transform = Transform3D(1, 0, 0, 0, 0.737277, -0.67559, 0, 0.67559, 0.737277, 0, -0.625, 0)

[node name="templeGoonBody" type="Area3D" parent="Node/Root" index="5"]

[node name="hitBox" type="CollisionShape3D" parent="Node/Root/templeGoonBody" index="0"]
transform = Transform3D(1, 5.82077e-11, 0, 5.82077e-11, 1, -7.45058e-09, 0, -7.45058e-09, 1, 0, -0.5, 0)
shape = SubResource("CapsuleShape3D_xa0ot")

[node name="RigidBody3D" type="RigidBody3D" parent="." index="2"]
physics_material_override = SubResource("PhysicsMaterial_ndqt8")

[node name="CollisionShape3D" type="CollisionShape3D" parent="RigidBody3D" index="0"]
transform = Transform3D(1, 0, 0, 0, 1, 0, 0, 0, 1, 0, 1, 0)
shape = SubResource("CapsuleShape3D_63yck")

[connection signal="area_entered" from="Node/Root/ArmL/ElbowL/sphere4/leftHand" to="." method="_on_left_hand_area_entered"]
[connection signal="area_entered" from="Node/Root/ArmR/ElbowR/sphere7/RightHand" to="." method="_on_right_hand_area_entered"]
